10
10
3.9954845737932034
-0.6213466400918924
1.0175316894860702
-0.000487974668926328
0.5617761321731575
1.251680320011969
0.4388614328577642
-0.43776702505645765
0.29020524150117555
-0.16232154309708355
-0.6213466400918924
6.329975672632437
-0.2647089155826378
-0.5034266700616109
1.7740421310751489
-1.0565833752842821
0.9655961876760154
0.4606549371601689
-0.16847082281140693
-1.8893916304599596
1.0175316894860702
-0.2647089155826378
2.942105342355869
0.9510938482783615
-0.4770208355956382
-0.6573879588966768
-0.3754523857027309
-0.07908254177755046
-1.3999088687334604
-0.3452166225938426
-0.000487974668926328
-0.5034266700616109
0.9510938482783615
5.1963256872370325
0.5648868639891672
-1.1685460720937901
-1.0792526086476195
0.665349207877333
-0.09716844565668716
-0.18143095389917935
0.5617761321731574
1.7740421310751486
-0.4770208355956382
0.5648868639891672
4.828078679270341
-0.3068443860908563
-0.7019985956650845
2.157915088927453
0.6690824589795097
0.1947658499091873
1.251680320011969
-1.0565833752842821
-0.6573879588966768
-1.1685460720937901
-0.30684438609085635
8.4004612907675
-1.2858421081451732
0.814302767672682
-0.8746434987952424
-0.6810328762877943
0.4388614328577641
0.9655961876760154
-0.37545238570273076
-1.0792526086476193
-0.7019985956650845
-1.2858421081451732
6.403533348266582
-0.25896946475309096
-0.32423804303880976
0.36555597862630196
-0.43776702505645765
0.460654937160169
-0.07908254177755066
0.6653492078773329
2.1579150889274534
0.814302767672682
-0.2589694647530911
6.430138693872959
0.30992827730672573
0.9408500573782376
0.29020524150117544
-0.1684708228114071
-1.3999088687334604
-0.0971684456566872
0.6690824589795097
-0.8746434987952423
-0.3242380430388097
0.30992827730672556
5.108176118382157
-0.5318382358475564
-0.1623215430970835
-1.8893916304599596
-0.3452166225938426
-0.18143095389917913
0.1947658499091872
-0.6810328762877942
0.36555597862630196
0.9408500573782376
-0.5318382358475564
5.3657205934219085
end